0,5,1
0.05,5.05,1
0.1,5.1,-3
0.15,4.95,-3
0.2,4.8,-3
0.25,4.65,-3
0.3,4.5,-3
0.35,4.35,-3
0.4,4.2,-3
0.45,4.05,-3
0.5,3.9,-3
0.55,3.75,1
0.6,3.8,1
0.65,3.85,1
0.7,3.9,1
0.75,3.95,1
0.8,4,1
0.85,4.05,1
0.9,4.1,1
0.95,4.15,-3
1,4,-3
1.05,3.85,-3
1.1,3.7,-3
1.15,3.55,-3
1.2,3.4,-3
1.25,3.25,-3
1.3,3.1,-3
1.35,2.95,1
1.4,3,1
1.45,3.05,1
1.5,3.1,1
1.55,3.15,1
1.6,3.2,1
1.65,3.25,1
1.7,3.3,1
1.75,3.35,1
1.8,3.4,-2.54558
1.85,3.27272,-2.69671
1.9,3.13788,-0.0757869
1.95,3.13409,-1.63243
2,3.05247,-1.11708
2.05,2.99662,-3
2.1,2.84662,-3
2.15,2.69662,-3
2.2,2.54662,-3
2.25,2.39662,-3
2.3,2.24662,1
2.35,2.29662,1
2.4,2.34662,1
2.45,2.39662,1
2.5,2.44662,1
2.55,2.49662,1
2.6,2.54662,1
2.65,2.59662,1
2.7,2.64662,-3
2.75,2.49662,-3
2.8,2.34662,-3
2.85,2.19662,-3
2.9,2.04662,-3
2.95,1.89662,1
3,1.94662,1
3.05,1.99662,1
3.1,2.04662,1
3.15,2.09662,1
3.2,2.14662,1
3.25,2.19662,1
3.3,2.24662,1
3.35,2.29662,1
3.4,2.34662,1
3.45,2.39662,1
3.5,2.44662,1
3.55,2.49662,1
3.6,2.54662,1
3.65,2.59662,1
3.7,2.64662,1
3.75,2.69662,1
3.8,2.74662,1
3.85,2.79662,1
3.9,2.84662,1
3.95,2.89662,1
4,2.94662,1
4.05,2.99662,1
4.1,3.04662,1
4.15,3.09662,1
4.2,3.14662,1
4.25,3.19662,1
4.3,3.24662,1
4.35,3.29662,1
4.4,3.34662,1
4.45,3.39662,1
4.5,3.44662,1
4.55,3.49662,1
4.6,3.54662,1
4.65,3.59662,1
4.7,3.64662,1
4.75,3.69662,1
4.8,3.74662,1
4.85,3.79662,1
4.9,3.84662,1
4.95,3.89662,1
5,3.94662,1
5.05,3.99662,1
5.1,4.04662,1
5.15,4.09662,1
5.2,4.14662,1
5.25,4.19662,1
5.3,4.24662,1
5.35,4.29662,1
5.4,4.34662,1
5.45,4.39662,1
5.5,4.44662,1
5.55,4.49662,1
5.6,4.54662,1
5.65,4.59662,1
5.7,4.64662,1
5.75,4.69662,1
5.8,4.74662,1
5.85,4.79662,1
5.9,4.84662,1
5.95,4.89662,1
6,4.94662,1
