0,7,-2.99996
0.05,6.85,1
0.1,6.9,1
0.15,6.95,1
0.2,7,1
0.25,7.05,1
0.3,7.1,1
0.35,7.15,1
0.4,7.2,1
0.45,7.25,1
0.5,7.3,1
0.55,7.35,1
0.6,7.4,1
0.65,7.45,1
0.7,7.5,1
0.75,7.55,1
0.8,7.60001,1
0.85,7.65001,1
0.9,7.70001,1
0.95,7.75001,1
1,7.80001,1
1.05,7.85001,1
1.1,7.90001,1
1.15,7.95001,1
1.2,8.00001,1
1.25,8.05001,1
1.3,8.10001,1
1.35,8.15001,1
1.4,8.20001,1
1.45,8.25001,1
1.5,8.30001,1
1.55,8.35001,1
1.6,8.40001,1
1.65,8.45001,1
1.7,8.50001,1
1.75,8.55001,1
1.8,8.60001,1
1.85,8.65001,1
1.9,8.70001,1
1.95,8.75001,1
2,8.80001,1
2.05,8.85001,1
2.1,8.90001,-0.000661321
2.15,8.89998,1
2.2,8.94998,1
2.25,8.99998,1
2.3,9.04998,1
2.35,9.09998,1
2.4,9.14998,1
2.45,9.19998,1
2.5,9.24998,1
2.55,9.29998,1
2.6,9.34998,1
2.65,9.39998,1
2.7,9.44998,1
2.75,9.49998,1
2.8,9.54998,1
2.85,9.59998,1
2.9,9.64998,1
2.95,9.69998,1
3,9.74998,1
3.05,9.79998,1
3.1,9.84998,1
3.15,9.89998,1
3.2,9.94998,1
3.25,9.99998,1
3.3,10.05,1
3.35,10.1,1
3.4,10.15,1
3.45,10.2,1
3.5,10.25,1
3.55,10.3,1
3.6,10.35,1
3.65,10.4,1
3.7,10.45,1
3.75,10.5,1
3.8,10.55,1
3.85,10.6,1
3.9,10.65,1
3.95,10.7,1
4,10.75,1
4.05,10.8,1
4.1,10.85,1
4.15,10.9,1
4.2,10.95,1
4.25,11,1
4.3,11.05,1
4.35,11.1,1
4.4,11.15,1
4.45,11.2,1
4.5,11.25,1
4.55,11.3,1
4.6,11.35,1
4.65,11.4,1
4.7,11.45,1
4.75,11.5,1
4.8,11.55,1
4.85,11.6,1
4.9,11.65,-2.99889
4.95,11.5,-2.99903
5,11.3501,-2.99889
5.05,11.2001,-2.99872
5.1,11.0502,-2.99849
5.15,10.9003,-2.99801
5.2,10.7504,-2.9982
5.25,10.6005,-3
5.3,10.4505,-2.99971
5.35,10.3005,-2.99819
5.4,10.1506,-2.99571
5.45,10.0008,-2.99484
5.5,9.85105,-2.99382
5.55,9.70136,-2.99265
5.6,9.55173,-2.99134
5.65,9.40216,-2.98989
5.7,9.25267,-2.98827
5.75,9.10326,-2.98367
5.8,8.95407,-2.98223
5.85,8.80496,-2.9807
5.9,8.65593,-2.9791
5.95,8.50697,-2.97742
6,8.3581,-2.97568
6.05,8.20932,-2.97389
6.1,8.06062,-2.97205
6.15,7.91202,-2.97018
6.2,7.76351,-2.96829
6.25,7.6151,-2.9664
6.3,7.46678,-2.96486
6.35,7.31853,-2.96291
6.4,7.17039,-2.95952
6.45,7.02241,-2.9602
6.5,6.8744,-2.95792
6.55,6.72651,-2.95587
6.6,6.57871,-2.9544
6.65,6.43099,-2.95362
6.7,6.28331,-2.95178
6.75,6.13572,-2.95019
6.8,5.98821,-2.94924
6.85,5.84075,-2.94785
6.9,5.69336,-2.94665
6.95,5.54603,-2.94573
7,5.39874,-2.9453
7.05,5.25148,-2.94479
7.1,5.10424,-2.56681
7.15,4.9759,-2.55292
7.2,4.84825,-2.53552
7.25,4.72147,-2.51479
7.3,4.59573,-2.48692
7.35,4.47139,-2.47331
7.4,4.34772,-2.46495
7.45,4.22448,-2.47677
7.5,4.10064,-2.42806
7.55,3.97923,-2.44298
7.6,3.85708,-2.37465
7.65,3.73835,-2.41169
7.7,3.61777,-2.45869
7.75,3.49483,-2.52684
7.8,3.36849,-2.61447
7.85,3.23777,-2.73448
7.9,3.10104,-2.92265
7.95,2.95491,-2.95395
8,2.80721,-2.99103
8.05,2.65766,1
8.1,2.70766,0.584293
8.15,2.73688,0.340838
8.2,2.75392,0.198822
8.25,2.76386,0.11598
8.3,2.76966,0.067655
8.35,2.77304,0.0394648
8.4,2.77502,0.0230217
8.45,2.77617,0.01343
8.5,2.77684,0.00783419
8.55,2.77723,0.00457091
8.6,2.77746,0.00266626
8.65,2.77759,0.0015545
8.7,2.77767,0.0009071
8.75,2.77771,0.000529146
8.8,2.77774,0.000309131
8.85,2.77776,0.000180267
8.9,2.77777,0.000104817
8.95,2.77777,6.07552e-05
9,2.77777,3.54042e-05
9.05,2.77778,2.01384e-05
9.1,2.77778,1.25914e-05
9.15,2.77778,7.78872e-06
9.2,2.77778,3.82938e-06
9.25,2.77778,1.50546e-06
9.3,2.77778,4.86937e-07
9.35,2.77778,9.11322e-07
9.4,2.77778,7.34495e-07
9.45,2.77778,8.08173e-07
9.5,2.77778,7.77474e-07
9.55,2.77778,7.90265e-07
9.6,2.77778,7.84935e-07
9.65,2.77778,7.87156e-07
9.7,2.77778,7.86231e-07
9.75,2.77778,7.86616e-07
9.8,2.77778,7.86455e-07
9.85,2.77778,7.86522e-07
9.9,2.77778,7.86494e-07
9.95,2.77778,7.86506e-07
10,2.77778,7.86501e-07
10.05,2.77778,7.86503e-07
10.1,2.77778,7.86502e-07
10.15,2.77778,7.86503e-07
10.2,2.77778,7.86502e-07
10.25,2.77778,7.86503e-07
10.3,2.77778,7.86503e-07
10.35,2.77778,7.86503e-07
10.4,2.77778,7.86503e-07
10.45,2.77778,7.86502e-07
10.5,2.77778,7.86503e-07
10.55,2.77778,7.86503e-07
10.6,2.77778,7.86503e-07
10.65,2.77778,7.86503e-07
10.7,2.77778,7.86502e-07
10.75,2.77778,7.86503e-07
10.8,2.77778,7.86503e-07
10.85,2.77778,7.86503e-07
10.9,2.77778,7.86503e-07
10.95,2.77778,7.86503e-07
11,2.77778,7.86502e-07
11.05,2.77778,7.86503e-07
11.1,2.77778,7.86503e-07
11.15,2.77778,7.86503e-07
11.2,2.77778,7.86503e-07
11.25,2.77778,7.86503e-07
11.3,2.77778,7.86503e-07
11.35,2.77778,7.86503e-07
11.4,2.77778,7.86503e-07
11.45,2.77778,7.86503e-07
11.5,2.77778,7.86503e-07
11.55,2.77778,7.86503e-07
11.6,2.77778,7.86503e-07
11.65,2.77778,7.86503e-07
11.7,2.77778,7.86503e-07
11.75,2.77778,7.86503e-07
11.8,2.77778,7.86503e-07
11.85,2.77778,7.86503e-07
11.9,2.77778,7.86503e-07
11.95,2.77778,7.86503e-07
12,2.77778,7.86503e-07
12.05,2.77778,7.86503e-07
12.1,2.77778,7.86503e-07
12.15,2.77778,7.86503e-07
12.2,2.77778,7.86503e-07
12.25,2.77778,7.86503e-07
12.3,2.77778,7.86503e-07
12.35,2.77778,7.86503e-07
12.4,2.77778,7.86503e-07
12.45,2.77778,7.86503e-07
12.5,2.77778,7.86503e-07
12.55,2.77778,7.86503e-07
12.6,2.77778,7.86503e-07
12.65,2.77778,7.86503e-07
12.7,2.77778,7.86503e-07
12.75,2.77778,7.86503e-07
12.8,2.77778,7.86503e-07
12.85,2.77778,7.86503e-07
12.9,2.77778,7.86503e-07
12.95,2.77778,7.86503e-07
13,2.77778,7.86503e-07
13.05,2.77778,7.86503e-07
13.1,2.77778,7.86503e-07
13.15,2.77778,7.86503e-07
13.2,2.77778,7.86503e-07
13.25,2.77778,7.86503e-07
13.3,2.77778,7.86503e-07
13.35,2.77778,7.86503e-07
13.4,2.77778,7.86503e-07
13.45,2.77778,7.86503e-07
13.5,2.77778,7.86503e-07
13.55,2.77778,7.86503e-07
13.6,2.77778,7.86503e-07
13.65,2.77778,7.86503e-07
13.7,2.77778,7.86503e-07
13.75,2.77778,7.86503e-07
13.8,2.77778,7.86503e-07
13.85,2.77778,7.86503e-07
13.9,2.77778,7.86503e-07
13.95,2.77778,7.86503e-07
14,2.77778,7.86503e-07
14.05,2.77778,7.86503e-07
14.1,2.77778,7.86503e-07
14.15,2.77778,7.86503e-07
14.2,2.77778,7.86503e-07
14.25,2.77778,7.86503e-07
14.3,2.77778,7.86503e-07
14.35,2.77778,7.86503e-07
14.4,2.77778,7.86503e-07
14.45,2.77778,7.86503e-07
14.5,2.77778,7.86503e-07
14.55,2.77778,7.86503e-07
14.6,2.77778,7.86503e-07
14.65,2.77778,7.86503e-07
14.7,2.77778,7.86503e-07
14.75,2.77778,7.86503e-07
14.8,2.77778,7.86503e-07
14.85,2.77778,7.86503e-07
14.9,2.77778,7.86503e-07
14.95,2.77778,7.86503e-07
15,2.77778,7.86503e-07
15.05,2.77778,7.86503e-07
15.1,2.77778,7.86503e-07
15.15,2.77778,7.86503e-07
15.2,2.77778,7.86503e-07
15.25,2.77778,7.86503e-07
15.3,2.77778,7.86503e-07
15.35,2.77778,7.86503e-07
15.4,2.77778,7.86503e-07
15.45,2.77778,7.86503e-07
15.5,2.77778,7.86503e-07
15.55,2.77778,7.86503e-07
15.6,2.77778,7.86503e-07
15.65,2.77778,7.86503e-07
15.7,2.77778,7.86503e-07
15.75,2.77778,7.86503e-07
15.8,2.77778,7.86503e-07
15.85,2.77778,7.86503e-07
15.9,2.77778,7.86503e-07
15.95,2.77778,7.86503e-07
16,2.77778,7.86503e-07
16.05,2.77778,7.86503e-07
16.1,2.77778,7.86503e-07
16.15,2.77778,7.86503e-07
16.2,2.77778,7.86503e-07
16.25,2.77778,7.86503e-07
16.3,2.77778,7.86503e-07
16.35,2.77778,7.86503e-07
16.4,2.77778,7.86503e-07
16.45,2.77778,7.86503e-07
16.5,2.77778,7.86503e-07
16.55,2.77778,7.86503e-07
16.6,2.77778,7.86503e-07
16.65,2.77778,7.86503e-07
16.7,2.77778,7.86503e-07
16.75,2.77778,7.86503e-07
16.8,2.77778,7.86503e-07
16.85,2.77778,7.86503e-07
16.9,2.77778,7.86503e-07
16.95,2.77778,7.86503e-07
