0,0,1
0.05,0.05,1
0.1,0.1,1
0.15,0.15,1
0.2,0.2,1
0.25,0.25,1
0.3,0.3,1
0.35,0.35,1
0.4,0.4,1
0.45,0.45,1
0.5,0.5,1
0.55,0.55,1
0.6,0.6,1
0.65,0.65,1
0.7,0.7,1
0.75,0.75,1
0.8,0.8,1
0.85,0.85,1
0.9,0.9,1
0.95,0.95,1
1,1,1
1.05,1.05,1
1.1,1.1,1
1.15,1.15,1
1.2,1.2,1
1.25,1.25,1
1.3,1.3,1
1.35,1.35,1
1.4,1.4,1
1.45,1.45,1
1.5,1.5,1
1.55,1.55,1
1.6,1.6,1
1.65,1.65,1
1.7,1.7,1
1.75,1.75,1
1.8,1.8,1
1.85,1.85,1
1.9,1.9,1
1.95,1.95,1
2,2,1
2.05,2.05,1
2.1,2.1,1
2.15,2.15,1
2.2,2.2,1
2.25,2.25,1
2.3,2.3,1
2.35,2.35,1
2.4,2.4,1
2.45,2.45,1
2.5,2.5,1
2.55,2.55,1
2.6,2.6,1
2.65,2.65,1
2.7,2.7,1
2.75,2.75,1
2.8,2.8,1
2.85,2.85,1
2.9,2.9,1
2.95,2.95,1
3,3,1
3.05,3.05,1
3.1,3.1,1
3.15,3.15,1
3.2,3.2,1
3.25,3.25,1
3.3,3.3,1
3.35,3.35,1
3.4,3.4,1
3.45,3.45,1
3.5,3.5,1
3.55,3.55,1
3.6,3.6,1
3.65,3.65,1
3.7,3.7,1
3.75,3.75,1
3.8,3.8,1
3.85,3.85,1
3.9,3.9,1
3.95,3.95,1
4,4,1
4.05,4.05,1
4.1,4.1,1
4.15,4.15,1
4.2,4.2,1
4.25,4.25,1
4.3,4.3,1
4.35,4.35,1
4.4,4.4,1
4.45,4.45,1
4.5,4.5,1
4.55,4.55,1
4.6,4.6,1
4.65,4.65,1
4.7,4.7,1
4.75,4.75,1
4.8,4.8,1
4.85,4.85,1
4.9,4.9,1
4.95,4.95,1
5,5,1
5.05,5.05,1
5.1,5.1,1
5.15,5.15,1
5.2,5.2,1
5.25,5.25,1
5.3,5.3,1
5.35,5.35,1
5.4,5.4,1
5.45,5.45,1
5.5,5.5,1
5.55,5.55,1
5.6,5.6,1
5.65,5.65,1
5.7,5.7,1
5.75,5.75,1
5.8,5.8,1
5.85,5.85,1
5.9,5.9,1
5.95,5.95,1
6,6,1
6.05,6.05,1
6.1,6.10001,1
6.15,6.15001,1
6.2,6.20001,1
6.25,6.25001,1
6.3,6.30001,1
6.35,6.35001,1
6.4,6.40001,1
6.45,6.45001,1
6.5,6.50001,1
6.55,6.55001,1
6.6,6.60001,1
6.65,6.65001,1
6.7,6.70001,1
6.75,6.75001,1
6.8,6.80001,1
6.85,6.85001,1
6.9,6.90001,1
6.95,6.95001,1
7,7.00001,1
7.05,7.05001,1
7.1,7.10001,1
7.15,7.15001,1
7.2,7.20001,1
7.25,7.25001,1
7.3,7.30001,1
7.35,7.35001,1
7.4,7.40001,1
7.45,7.45001,1
7.5,7.50001,1
7.55,7.55001,1
7.6,7.60001,1
7.65,7.65001,1
7.7,7.70001,1
7.75,7.75001,1
7.8,7.80001,1
7.85,7.85001,1
7.9,7.90001,1
7.95,7.95001,1
8,8.00001,1
8.05,8.05001,1
8.1,8.10001,1
8.15,8.15001,1
8.2,8.20001,1
8.25,8.25001,1
8.3,8.30001,1
8.35,8.35001,1
8.4,8.40001,1
8.45,8.45001,1
8.5,8.50001,1
8.55,8.55001,1
8.6,8.60001,1
8.65,8.65001,1
8.7,8.70002,1
8.75,8.75002,1
8.8,8.80002,1
8.85,8.85002,1
8.9,8.90002,1
8.95,8.95002,1
9,9.00002,1
9.05,9.05002,1
9.1,9.10002,1
9.15,9.15002,1
9.2,9.20002,1
9.25,9.25002,1
9.3,9.30002,1
9.35,9.35002,1
9.4,9.40002,1
9.45,9.45002,1
9.5,9.50002,1
9.55,9.55002,1
9.6,9.60002,1
9.65,9.65002,1
9.7,9.70002,1
9.75,9.75002,1
9.8,9.80002,1
9.85,9.85002,1
9.9,9.90002,1
9.95,9.95002,1
