0,0,1
0.05,0.05,1
0.1,0.1,1
0.15,0.15,1
0.2,0.2,1
0.25,0.25,1
0.3,0.3,1
0.35,0.35,1
0.4,0.4,1
0.45,0.45,1
0.5,0.5,1
0.55,0.55,1
0.6,0.6,1
0.65,0.65,1
0.7,0.7,1
0.75,0.75,1
0.8,0.8,1
0.85,0.85,1
0.9,0.9,1
0.95,0.95,1
1,1,1
1.05,1.05,1
1.1,1.1,1
1.15,1.15,1
1.2,1.2,1
1.25,1.25,1
1.3,1.3,1
1.35,1.35,1
1.4,1.4,1
1.45,1.45,1
1.5,1.5,1
1.55,1.55,1
1.6,1.6,1
1.65,1.65,1
1.7,1.7,1
1.75,1.75,1
1.8,1.8,1
1.85,1.85,1
1.9,1.9,1
1.95,1.95,1
2,2,1
2.05,2.05,1
2.1,2.1,1
2.15,2.15,1
2.2,2.2,1
2.25,2.25,1
2.3,2.3,1
2.35,2.35,1
2.4,2.4,1
2.45,2.45,1
2.5,2.5,1
2.55,2.55,1
2.6,2.6,1
2.65,2.65,1
2.7,2.7,1
2.75,2.75,1
2.8,2.8,1
2.85,2.85,1
2.9,2.9,1
2.95,2.95,1
3,3,1
3.05,3.05,1
3.1,3.1,1
3.15,3.15,1
3.2,3.2,1
3.25,3.25,1
3.3,3.3,1
3.35,3.35,1
3.4,3.4,1
3.45,3.45,1
3.5,3.5,1
3.55,3.55,1
3.6,3.6,1
3.65,3.65,1
3.7,3.7,1
3.75,3.75,1
3.8,3.8,1
3.85,3.85,1
3.9,3.9,1
3.95,3.95,1
4,4,1
4.05,4.05,1
4.1,4.1,1
4.15,4.15,1
4.2,4.2,1
4.25,4.25,1
4.3,4.3,1
4.35,4.35,1
4.4,4.4,1
4.45,4.45,1
4.5,4.5,1
4.55,4.55,1
4.6,4.6,1
4.65,4.65,1
4.7,4.7,1
4.75,4.75,1
4.8,4.8,1
4.85,4.85,1
4.9,4.9,1
4.95,4.95,1
5,5,1
5.05,5.05,1
5.1,5.1,1
5.15,5.15,1
5.2,5.2,1
5.25,5.25,1
5.3,5.3,1
5.35,5.35,1
5.4,5.4,1
5.45,5.45,1
5.5,5.5,1
5.55,5.55,1
5.6,5.6,1
5.65,5.65,1
5.7,5.7,1
5.75,5.75,1
5.8,5.8,1
5.85,5.85,1
5.9,5.9,1
5.95,5.95,1
6,6,1
6.05,6.05,1
6.1,6.10001,1
6.15,6.15001,1
6.2,6.20001,1
6.25,6.25001,1
6.3,6.30001,1
6.35,6.35001,1
6.4,6.40001,1
6.45,6.45001,1
6.5,6.50001,1
6.55,6.55001,1
6.6,6.60001,1
6.65,6.65001,1
6.7,6.70001,1
6.75,6.75001,1
6.8,6.80001,1
6.85,6.85001,1
6.9,6.90001,1
6.95,6.95001,1
7,7.00001,1
7.05,7.05001,1
7.1,7.10001,1
7.15,7.15001,1
7.2,7.20001,1
7.25,7.25001,1
7.3,7.30001,1
7.35,7.35001,1
7.4,7.40001,1
7.45,7.45001,1
7.5,7.50001,1
7.55,7.55001,1
7.6,7.60001,1
7.65,7.65001,1
7.7,7.70001,1
7.75,7.75001,1
7.8,7.80001,0.894731
7.85,7.84475,0.709135
7.9,7.8802,-0.337006
7.95,7.86335,-0.778367
8,7.82444,1
8.05,7.87444,1
8.1,7.92444,1
8.15,7.97444,1
8.2,8.02444,1
8.25,8.07444,1
8.3,8.12444,1
8.35,8.17444,1
8.4,8.22444,1
8.45,8.27444,1
8.5,8.32444,1
8.55,8.37444,1
8.6,8.42444,1
8.65,8.47444,1
8.7,8.52444,1
8.75,8.57444,1
8.8,8.62444,1
8.85,8.67444,1
8.9,8.72444,1
8.95,8.77444,1
9,8.82444,1
9.05,8.87444,1
9.1,8.92444,1
9.15,8.97444,1
9.2,9.02444,1
9.25,9.07444,1
9.3,9.12444,1
9.35,9.17444,1
9.4,9.22444,1
9.45,9.27444,1
9.5,9.32444,1
9.55,9.37444,1
9.6,9.42444,1
9.65,9.47444,1
9.7,9.52444,1
9.75,9.57444,1
9.8,9.62444,1
9.85,9.67444,1
9.9,9.72444,1
9.95,9.77444,1
10,9.82444,1
10.05,9.87444,1
10.1,9.92444,1
10.15,9.97444,1
10.2,10.0244,1
10.25,10.0744,1
10.3,10.1244,1
10.35,10.1744,1
10.4,10.2244,1
10.45,10.2744,1
10.5,10.3244,1
10.55,10.3744,1
10.6,10.4244,1
10.65,10.4744,1
10.7,10.5244,1
10.75,10.5744,1
10.8,10.6244,1
10.85,10.6744,1
10.9,10.7244,1
10.95,10.7744,1
11,10.8244,1
11.05,10.8744,1
11.1,10.9244,1
11.15,10.9744,1
11.2,11.0244,1
11.25,11.0744,1
11.3,11.1244,1
11.35,11.1744,1
11.4,11.2244,1
11.45,11.2744,1
11.5,11.3244,1
11.55,11.3744,1
11.6,11.4244,1
11.65,11.4744,1
11.7,11.5244,1
11.75,11.5744,1
11.8,11.6244,1
11.85,11.6744,1
11.9,11.7245,1
11.95,11.7745,1
12,11.8245,1
12.05,11.8745,1
12.1,11.9245,1
12.15,11.9745,1
12.2,12.0245,1
12.25,12.0745,1
12.3,12.1245,1
12.35,12.1745,1
12.4,12.2245,1
12.45,12.2745,1
12.5,12.3245,1
12.55,12.3745,1
12.6,12.4245,1
12.65,12.4745,1
12.7,12.5245,1
12.75,12.5745,1
12.8,12.6245,1
12.85,12.6745,1
12.9,12.7245,1
12.95,12.7745,1
13,12.8245,0.985589
13.05,12.8737,0.93996
13.1,12.9207,0.896443
13.15,12.9656,0.854941
13.2,13.0083,0.815361
13.25,13.0491,0.777612
13.3,13.0879,0.741612
13.35,13.125,0.707278
13.4,13.1604,0.674534
13.45,13.1941,0.643305
13.5,13.2263,0.613523
13.55,13.257,0.585119
13.6,13.2862,0.55803
13.65,13.3141,0.532195
13.7,13.3407,0.507556
13.75,13.3661,0.484059
13.8,13.3903,0.461648
13.85,13.4134,0.440275
13.9,13.4354,0.419892
13.95,13.4564,0.400453
14,13.4764,0.381914
14.05,13.4955,0.364233
14.1,13.5137,0.34737
14.15,13.5311,0.331288
14.2,13.5477,0.315951
14.25,13.5635,0.301324
14.3,13.5785,0.287374
14.35,13.5929,0.274069
14.4,13.6066,0.261381
14.45,13.6197,0.24928
14.5,13.6321,0.237739
14.55,13.644,0.226733
14.6,13.6554,0.216236
14.65,13.6662,0.206226
14.7,13.6765,0.196678
14.75,13.6863,0.187573
14.8,13.6957,0.178889
14.85,13.7046,0.170607
14.9,13.7132,0.162708
14.95,13.7213,0.155175
15,13.7291,-0.596096
15.05,13.6993,0.175588
15.1,13.708,-0.33052
15.15,13.6915,0.182761
15.2,13.7006,0.1743
15.25,13.7094,0.16623
15.3,13.7177,0.158535
15.35,13.7256,0.151195
15.4,13.7332,-0.558809
15.45,13.7052,-2.12681
15.5,13.5989,-3
15.55,13.4489,-3
15.6,13.2989,-3
15.65,13.1489,-3
15.7,12.9989,-3
15.75,12.8489,0.962973
15.8,12.897,0.91839
15.85,12.9429,0.875872
15.9,12.9867,0.835322
15.95,13.0285,0.79665
16,13.0683,0.759768
16.05,13.1063,0.724594
16.1,13.1426,0.691048
16.15,13.1771,0.659054
16.2,13.2101,0.628542
16.25,13.2415,0.599444
16.3,13.2715,0.571691
16.35,13.3,0.545224
16.4,13.3273,0.519982
16.45,13.3533,0.49591
16.5,13.3781,0.472951
16.55,13.4018,0.451055
16.6,13.4243,0.430173
16.65,13.4458,0.410258
16.7,13.4663,0.391265
16.75,13.4859,0.373151
16.8,13.5045,0.355875
16.85,13.5223,0.339399
16.9,13.5393,0.323686
16.95,13.5555,0.308701
17,13.5709,0.29441
17.05,13.5856,0.28078
17.1,13.5997,0.26778
17.15,13.6131,0.255383
17.2,13.6258,0.24356
17.25,13.638,0.232284
17.3,13.6496,0.22153
17.35,13.6607,0.211274
17.4,13.6713,0.201493
17.45,13.6814,0.192164
17.5,13.691,0.183268
17.55,13.7001,0.174783
17.6,13.7089,0.166691
17.65,13.7172,0.158973
17.7,13.7251,0.151614
17.75,13.7327,0.144595
17.8,13.74,0.1379
17.85,13.7469,0.131516
17.9,13.7534,0.125427
17.95,13.7597,0.119621
